{"columns": ["000955", "600200", "000078", "603301", "000652", "000538", "600436", "000623", "600763", "603288", "600269"], "close": "[[1.0,0.523418131,0.7026186866,0.621963146,0.732428116,0.0502658568,0.0272079551,0.0419156548,-0.0557244405,-0.0719007226,-0.0887913837],[0.523418131,1.0,0.7079842404,0.5171225692,0.6268984875,-0.0581280338,-0.0010383451,-0.0296093192,-0.1934516485,-0.1481882773,-0.1616761773],[0.7026186866,0.7079842404,1.0,0.6732053031,0.66309235,0.0350317297,0.0435068604,0.0125293487,-0.1412876402,-0.1099879086,-0.2040245864],[0.621963146,0.5171225692,0.6732053031,1.0,0.6386058619,-0.0447808606,0.0042322868,-0.1202887777,-0.1251863604,-0.1438411845,-0.1578879911],[0.732428116,0.6268984875,0.66309235,0.6386058619,1.0,-0.0536478027,0.0021568539,0.0068688895,-0.1390853938,-0.1091169473,-0.0633704211],[0.0502658568,-0.0581280338,0.0350317297,-0.0447808606,-0.0536478027,1.0,0.6075713321,0.6012623823,0.6071606307,0.6139767574,0.6081631112],[0.0272079551,-0.0010383451,0.0435068604,0.0042322868,0.0021568539,0.6075713321,1.0,0.6323385335,0.6037882394,0.4761020491,0.4500085634],[0.0419156548,-0.0296093192,0.0125293487,-0.1202887777,0.0068688895,0.6012623823,0.6323385335,1.0,0.5239157204,0.3872946357,0.7177684617],[-0.0557244405,-0.1934516485,-0.1412876402,-0.1251863604,-0.1390853938,0.6071606307,0.6037882394,0.5239157204,1.0,0.604445115,0.5884392273],[-0.0719007226,-0.1481882773,-0.1099879086,-0.1438411845,-0.1091169473,0.6139767574,0.4761020491,0.3872946357,0.604445115,1.0,0.3584859443],[-0.0887913837,-0.1616761773,-0.2040245864,-0.1578879911,-0.0633704211,0.6081631112,0.4500085634,0.7177684617,0.5884392273,0.3584859443,1.0]]", "vol": "[[1.0,0.492682548,0.2648721027,0.2866521781,0.1968197652,-0.0796783832,-0.1912080658,-0.0851067391,0.0279856709,-0.0376468458,-0.1121604667],[0.492682548,1.0,0.3798240069,0.4016101742,0.1989928012,0.0736171056,-0.0063234693,-0.025143758,-0.0499131604,-0.0860937367,-0.0702529535],[0.2648721027,0.3798240069,1.0,0.5435243189,0.3950975755,0.0132615494,-0.0533961898,0.0738275014,-0.1566933806,-0.0888510575,-0.0654833104],[0.2866521781,0.4016101742,0.5435243189,1.0,0.5529260405,-0.0044948967,-0.165221716,-0.1803572256,-0.2435610881,-0.1640847598,-0.0657908604],[0.1968197652,0.1989928012,0.3950975755,0.5529260405,1.0,-0.1040210863,-0.2152450684,-0.0858713104,-0.2275954322,-0.1330249863,-0.0693180613],[-0.0796783832,0.0736171056,0.0132615494,-0.0044948967,-0.1040210863,1.0,0.4466103278,0.3184041286,0.0696140109,0.2716851035,0.0572078668],[-0.1912080658,-0.0063234693,-0.0533961898,-0.165221716,-0.2152450684,0.4466103278,1.0,0.3485958968,0.254040654,0.1385416093,0.0982306391],[-0.0851067391,-0.025143758,0.0738275014,-0.1803572256,-0.0858713104,0.3184041286,0.3485958968,1.0,0.1566438577,0.2292917525,0.3393827749],[0.0279856709,-0.0499131604,-0.1566933806,-0.2435610881,-0.2275954322,0.0696140109,0.254040654,0.1566438577,1.0,0.2897708882,0.1029118149],[-0.0376468458,-0.0860937367,-0.0888510575,-0.1640847598,-0.1330249863,0.2716851035,0.1385416093,0.2292917525,0.2897708882,1.0,0.0764844241],[-0.1121604667,-0.0702529535,-0.0654833104,-0.0657908604,-0.0693180613,0.0572078668,0.0982306391,0.3393827749,0.1029118149,0.0764844241,1.0]]", "combined": "[[1.0,0.523418131,0.7026186866,0.621963146,0.732428116,0.0502658568,0.0272079551,0.0419156548,-0.0557244405,-0.0719007226,-0.0887913837],[0.492682548,1.0,0.7079842404,0.5171225692,0.6268984875,-0.0581280338,-0.0010383451,-0.0296093192,-0.1934516485,-0.1481882773,-0.1616761773],[0.2648721027,0.3798240069,1.0,0.6732053031,0.66309235,0.0350317297,0.0435068604,0.0125293487,-0.1412876402,-0.1099879086,-0.2040245864],[0.2866521781,0.4016101742,0.5435243189,1.0,0.6386058619,-0.0447808606,0.0042322868,-0.1202887777,-0.1251863604,-0.1438411845,-0.1578879911],[0.1968197652,0.1989928012,0.3950975755,0.5529260405,1.0,-0.0536478027,0.0021568539,0.0068688895,-0.1390853938,-0.1091169473,-0.0633704211],[-0.0796783832,0.0736171056,0.0132615494,-0.0044948967,-0.1040210863,1.0,0.6075713321,0.6012623823,0.6071606307,0.6139767574,0.6081631112],[-0.1912080658,-0.0063234693,-0.0533961898,-0.165221716,-0.2152450684,0.4466103278,1.0,0.6323385335,0.6037882394,0.4761020491,0.4500085634],[-0.0851067391,-0.025143758,0.0738275014,-0.1803572256,-0.0858713104,0.3184041286,0.3485958968,1.0,0.5239157204,0.3872946357,0.7177684617],[0.0279856709,-0.0499131604,-0.1566933806,-0.2435610881,-0.2275954322,0.0696140109,0.254040654,0.1566438577,1.0,0.604445115,0.5884392273],[-0.0376468458,-0.0860937367,-0.0888510575,-0.1640847598,-0.1330249863,0.2716851035,0.1385416093,0.2292917525,0.2897708882,1.0,0.3584859443],[-0.1121604667,-0.0702529535,-0.0654833104,-0.0657908604,-0.0693180613,0.0572078668,0.0982306391,0.3393827749,0.1029118149,0.0764844241,1.0]]"}